00001 19980621 6 134.39
00001 19990101 2 86.15
00001 19981215 9 54.51
00001 19980528 1 41.99
00001 19971211 7 129.44
00002 19981218 5 120.82
00002 19981128 4 129.43
00002 19980515 2 63.16
00002 19980825 5 21.10
00002 19970619 1 61.38
00003 19971004 9 10.44
00003 19970102 7 85.63
00003 19980403 5 124.08
00003 19970218 9 45.17
00003 19980703 5 126.63
00004 19980605 4 104.56
00004 19981003 7 146.07
00004 19981017 8 46.07
00005 19970427 4 89.73
00005 19970823 9 131.83
00005 19980905 1 76.99
00006 19980103 8 46.83
00006 19970617 2 67.59
00006 19971021 8 82.46
00007 19971001 5 69.63
00007 19981115 1 94.02
00007 19970815 7 67.28
00007 19970202 7 72.98
00007 19980824 5 86.51
00008 19970112 2 10.13
00009 19970404 1 144.04
00009 19971119 4 19.93
00009 19980306 5 5.57
00009 19981210 4 54.33
00010 19981108 9 76.67
00011 19971205 1 112.02
00011 19970923 2 79.81
00011 19980126 8 51.74
00012 19980713 1 140.88
00012 19970130 5 44.69
00012 19970122 5 62.29
00012 19980521 5 137.30
00012 19970925 4 71.99
00013 19980215 8 43.33
00014 19970320 1 89.39
00015 19981117 1 73.92
00015 19970210 2 132.77
00016 19980319 1 80.87
00016 19981116 7 55.35
00017 19980917 2 88.51
00017 19970413 4 39.18
00017 19970501 4 143.22
00018 19970918 5 118.77
00018 19970815 3 58.44
00018 19980125 3 57.22
00018 19981125 5 80.16
00019 19970930 2 101.22
00019 19980709 8 82.12
00019 19971202 3 125.78
00020 19971222 2 91.17
00020 19980121 9 142.82
00020 19970908 3 111.40
00020 19980319 2 102.72
00021 19970925 1 30.65
00021 19970107 9 55.33
00021 19980305 3 44.76
00021 19970728 1 97.39
00021 19981222 5 6.26
00022 19980422 3 123.64
00022 19980112 8 102.61
00022 19970515 9 56.83
00022 19970901 8 55.09
00022 19980528 8 111.88
00023 19980313 4 109.52
00023 19980710 8 31.84
00023 19971011 4 81.48
00024 19970619 3 149.53
00024 19970623 9 11.61
00024 19971220 8 53.99
00024 19970712 9 22.06
00025 19980907 2 100.57
00025 19980717 2 132.18
00025 19971027 2 145.88
00025 19980709 7 142.66
00025 19980921 5 39.70
00026 19970411 8 145.04
00026 19980401 1 146.24
00026 19980408 2 125.50
00026 19981110 9 35.20
00027 19980210 3 34.14
00027 19971206 6 99.31
00028 19980117 1 62.40
00029 19970809 8 77.06
00029 19980526 1 78.38
00029 19980617 3 88.39
00029 19970409 8 119.66
00030 19980816 8 45.08
00030 19980629 9 15.39
00030 19980315 4 24.64
00031 19970517 6 116.88
00031 19980823 2 65.82
00031 19981130 5 135.41
00032 19980913 3 133.33
00032 19980116 8 40.53
00033 19970331 9 54.03
00033 19971126 4 24.36
00033 19980112 8 96.00
00033 19970404 9 92.92
00033 19980806 1 48.75
00034 19971206 7 28.84
00034 19971112 6 57.64
00034 19980819 2 39.93
00034 19971218 5 26.65
00034 19970216 7 87.86
00035 19981029 1 38.62
00035 19971023 8 44.30
00035 19970116 7 10.14
00036 19970610 4 104.47
00036 19980625 3 104.84
00036 19980406 8 70.78
00037 19981115 5 68.31
00037 19981112 2 123.96
00037 19970727 4 114.99
00037 19970825 4 88.12
00038 19980602 9 79.44
00039 19970204 5 67.44
00039 19970427 8 88.21
00039 19980402 4 50.82
00039 19970602 5 118.33
00040 19980209 1 27.40
00040 19970718 4 121.63
00040 19971217 2 84.19
00041 19970716 1 127.26
00041 19980319 1 65.98
00041 19970414 7 33.61
00041 19970706 6 5.15
00041 19971117 7 140.52
00042 19980425 2 144.24
00042 19970814 2 45.07
00042 19970212 3 144.41
00043 19980322 2 145.30
00043 19971225 7 51.44
00044 19970225 2 125.92
00044 19970609 6 13.00
00044 19971208 1 134.16
00044 19971111 2 116.38
00044 19971027 5 22.72
00045 19980407 3 56.35
00045 19970708 5 32.89
00045 19970811 3 52.89
00045 19970206 7 39.49
00046 19981103 9 28.39
00047 19981010 1 88.71
00048 19980418 4 144.45
00048 19970703 3 55.74
00049 19980615 5 58.62
00049 19980503 9 51.76
00049 19980906 4 71.68
00050 19971013 4 126.75
00050 19980417 1 82.43
00050 19980131 8 54.57
00050 19970417 8 13.30
00051 19970806 7 147.68
00051 19980307 2 146.47
00052 19970415 7 107.62
00052 19980220 6 92.84
00052 19980211 6 115.34
00053 19970731 6 62.29
00053 19980707 9 56.37
00053 19980716 7 70.16
00054 19970106 4 128.52
00054 19970213 9 69.12
00055 19970225 8 39.70
00055 19970216 3 102.90
00055 19980624 3 120.56
00055 19970608 1 50.93
00055 19970915 7 8.08
00056 19970728 9 40.18
00056 19970410 7 116.33
00056 19981207 5 118.11
00057 19970510 9 35.35
00057 19970903 8 18.04
00057 19980515 7 36.36
00058 19980125 5 86.16
00058 19980407 1 10.76
00058 19980318 8 36.06
00059 19981014 6 34.09
00059 19970127 3 139.72
00059 19970726 3 46.94
00059 19970430 8 71.08
00059 19970424 1 18.96
00060 19980322 7 125.10
00060 19970706 7 133.55
00060 19980107 4 39.35
00061 19971107 3 143.48
00061 19970109 7 19.31
00062 19970526 4 49.42
00062 19970307 3 134.94
00062 19980327 1 79.31
00062 19970722 2 61.88
00063 19970816 9 7.03
00064 19971203 7 112.35
00065 19981014 9 103.26
00065 19971201 8 109.28
00065 19980513 3 50.23
00066 19980808 7 123.50
00066 19970812 1 116.50
00067 19980731 1 33.57
00067 19980906 9 6.95
00068 19970928 5 22.50
00068 19980530 2 86.23
00068 19970706 9 67.50
00068 19970520 2 30.33
00068 19980208 5 112.74
00069 19980219 7 119.93
00069 19970918 8 78.84
00069 19970920 5 115.26
00070 19980607 5 73.90
00071 19981114 2 95.32
00071 19970305 2 66.83
00072 19980510 4 82.95
00073 19970928 8 52.54
00073 19980707 3 106.23
00073 19981010 4 60.83
00073 19981027 3 92.30
00074 19971007 9 141.38
00075 19981210 7 43.46
00075 19970601 2 137.57
00075 19970108 5 121.20
00075 19970520 7 144.18
00075 19980808 5 49.48
00076 19971212 3 24.71
00076 19970901 9 72.26
00076 19970703 7 20.44
00076 19970412 3 13.22
00077 19970114 4 81.45
00077 19971114 6 119.56
00077 19970701 5 139.52
00077 19980202 1 124.00
00077 19970712 6 117.29
00078 19981024 4 99.52
00078 19970108 4 40.80
00079 19970902 2 121.01
00079 19980519 2 26.87
00079 19971118 7 68.02
00079 19970715 1 96.65
00080 19980504 1 121.06
00080 19971120 6 29.25
00080 19981231 4 10.11
00081 19970413 5 41.62
00081 19980206 4 100.36
00081 19971108 9 77.59
00081 19980403 7 92.72
00082 19980105 3 30.37
00082 19970705 9 32.55
00082 19970131 7 26.58
00082 19970208 1 65.12
00082 19970609 1 113.98
00083 19981120 2 7.32
00083 19970829 6 116.36
00084 19981218 6 114.14
00084 19980228 5 85.97
00084 19980311 3 53.15
00085 19970922 3 133.19
00085 19970623 4 45.83
00085 19970624 6 48.54
00085 19980321 4 108.33
00086 19980207 5 74.62
00086 19970604 6 91.21
00086 19980102 2 49.86
00086 19981212 5 59.70
00087 19980713 8 7.98
00087 19970205 4 104.38
00088 19980222 5 84.94
00088 19971030 7 27.19
00088 19981107 2 118.91
00088 19980619 2 11.06
00089 19970330 3 134.58
00089 19980409 7 145.95
00089 19981026 1 11.32
00090 19980104 2 51.47
00090 19971108 9 117.89
00091 19970521 7 80.57
00091 19971020 6 23.08
00092 19970809 3 59.46
00092 19981115 7 86.15
00092 19980617 7 144.17
00093 19981115 3 69.99
00093 19971116 2 118.22
00093 19970128 9 82.96
00093 19970629 6 75.43
00093 19970522 2 25.40
00094 19970116 8 57.39
00094 19970825 9 93.39
00094 19981225 6 99.34
00095 19980930 4 111.42
00095 19980220 8 27.51
00095 19970224 4 19.10
00095 19970222 9 75.19
00095 19980928 5 66.50
00096 19981123 6 110.21
00097 19970427 1 44.27
00098 19970731 9 61.35
00099 19970530 7 53.93
00100 19970421 2 73.65
00100 19970930 7 44.25
00101 19970427 5 114.97
00101 19980616 6 19.17
00102 19970313 7 81.25
00102 19971211 2 53.29
00103 19981111 4 149.85
00103 19970505 1 29.62
00103 19970421 9 48.11
00103 19980406 5 109.72
00104 19970716 4 97.74
00104 19971126 1 22.63
00104 19970702 5 116.54
00104 19970130 3 38.54
00104 19970816 3 146.30
00105 19980406 9 45.02
00105 19970803 5 135.17
00106 19970529 8 40.20
00106 19970711 1 96.70
00106 19971023 9 65.78
00107 19981212 6 91.31
00107 19971012 9 85.54
00107 19970722 9 46.38
00107 19981028 9 60.00
00107 19970628 1 7.72
00108 19971215 4 95.85
00108 19980604 6 140.72
00108 19971020 5 100.43
00108 19981103 4 26.95
00108 19980118 2 39.66
00109 19970124 3 84.67
00109 19970116 4 11.94
00110 19970529 9 140.06
00110 19970704 9 38.68
00110 19980903 7 82.20
00110 19970608 8 106.58
00111 19970917 1 54.27
00111 19970602 9 57.74
00112 19970328 7 135.70
00112 19981101 1 122.59
00112 19970927 7 78.10
00113 19980622 5 42.73
00113 19981222 4 111.81
00113 19970707 6 131.99
00113 19970109 3 115.68
00113 19970126 9 78.11
00114 19981118 4 69.94
00114 19970413 8 80.56
00115 19971210 9 101.83
00115 19980321 5 116.48
00116 19970402 2 75.40
00116 19981013 8 110.88
00116 19980219 9 13.10
00116 19971116 6 15.44
00117 19980401 4 98.39
00117 19970516 6 46.33
00117 19970526 9 121.12
00117 19970130 5 47.56
00118 19981122 2 31.66
00118 19980801 6 73.28
00119 19981122 3 134.38
00119 19970227 1 23.74
00119 19980701 6 92.63
00119 19970402 2 132.81
00120 19980704 4 21.92
00120 19971118 1 17.94
00120 19970809 6 69.58
00120 19970926 4 59.05
00121 19971020 5 142.81
00121 19970616 9 149.59
00121 19970119 7 32.53
00121 19970907 5 54.36
00122 19980903 2 72.45
00122 19971031 5 127.44
00122 19971117 5 56.62
00122 19981207 2 16.21
00122 19980423 5 26.73
00123 19970202 3 126.50
00123 19980317 7 39.18
00124 19970914 2 32.58
00124 19981205 4 100.99
00125 19980624 1 87.74
00125 19980209 5 30.20
00125 19970819 9 51.84
00126 19970401 9 51.93
00126 19970615 8 38.03
00126 19980707 9 57.16
00126 19970512 3 63.11
00127 19981017 3 143.28
00127 19970211 2 90.83
00128 19971015 4 147.09
00129 19981002 9 70.38
00129 19980307 9 68.94
00129 19980226 3 11.45
00129 19980331 8 44.78
00130 19981006 4 12.81
00130 19981207 9 103.35
00130 19970806 5 71.90
00130 19970907 3 84.85
00131 19970613 7 72.19
00131 19981009 5 96.68
00131 19980701 2 56.98
00132 19981015 8 30.82
00132 19980814 2 77.09
00132 19970531 5 71.69
00133 19970830 7 47.45
00133 19970109 4 25.36
00133 19980928 2 125.82
00133 19970630 7 83.49
00133 19980718 7 104.03
00134 19970403 2 20.57
00134 19980119 3 54.20
00134 19970105 6 69.28
00135 19980705 3 9.13
00135 19981207 5 48.92
00135 19970105 7 138.67
00135 19981224 8 120.06
00136 19970418 7 58.60
00136 19971011 4 30.20
00136 19980703 2 147.04
00136 19970612 3 65.88
00137 19971107 6 36.42
00137 19970710 4 108.12
00137 19970129 1 56.47
00137 19971020 2 103.43
00137 19971012 5 11.99
00138 19971204 6 66.23
00139 19970421 7 73.55
00139 19981009 8 93.66
00139 19970618 2 104.47
00139 19980927 3 42.57
00140 19980919 2 132.15
00141 19970909 7 114.61
00142 19981217 3 73.62
00142 19980905 7 6.87
00143 19980923 4 45.18
00144 19981019 9 55.25
00144 19981011 4 56.93
00145 19980707 9 129.78
00145 19990101 9 55.73
00145 19981128 3 110.59
00146 19981220 8 145.65
00146 19980205 5 18.72
00147 19980327 3 11.78
00147 19980301 7 147.37
00147 19971027 8 120.65
00147 19981002 5 145.27
00147 19971101 8 77.30
00148 19970302 2 121.20
00148 19980131 9 44.08
00148 19980713 1 66.52
00148 19981218 4 93.78
00149 19980829 9 39.09
00150 19980616 7 125.09
00150 19980821 9 99.26
00150 19970101 5 43.83
00150 19971009 7 136.34
00150 19980226 3 77.98
00151 19970731 7 120.75
00151 19970520 5 124.66
00151 19970402 3 37.87
00152 19980222 9 49.61
00152 19980506 3 130.86
00152 19980307 3 117.75
00152 19970921 5 92.40
00152 19981201 1 14.56
00153 19980313 9 16.41
00153 19970325 8 79.29
00154 19981213 9 26.87
00154 19981108 5 77.53
00154 19980511 6 122.57
00155 19970608 1 7.58
00156 19980831 4 70.18
00157 19980728 2 85.62
00157 19981019 7 27.50
00157 19971006 3 148.60
00157 19970131 9 147.73
00158 19970702 4 79.72
00159 19980311 9 20.95
00159 19970326 2 120.35
00159 19970228 9 72.31
00160 19971117 7 86.85
00161 19970307 7 148.74
00161 19980520 5 35.54
00162 19970114 4 36.98
00162 19970904 1 10.19
00162 19980507 3 40.22
00162 19980408 7 17.70
00162 19980218 6 7.78
00163 19970509 3 142.28
00164 19981128 1 132.78
00165 19980812 1 137.60
00165 19970816 2 117.70
00166 19980415 5 16.28
00166 19980806 1 129.93
00166 19981017 7 62.90
00166 19970810 2 35.14
00167 19970501 5 78.41
00167 19970425 8 95.15
00168 19970524 8 80.34
00168 19980510 7 116.31
00168 19980702 8 138.12
00169 19980313 6 94.67
00169 19980405 1 131.02
00169 19970128 9 143.57
00170 19971106 3 149.03
00170 19981109 5 31.14
00170 19980528 7 30.37
00170 19970723 2 36.10
00170 19980814 1 71.03
00171 19970908 3 148.42
00171 19980202 2 16.67
00171 19980314 9 73.68
00171 19980410 2 109.08
00172 19970920 4 98.79
00172 19970610 6 142.32
00173 19971201 7 135.79
00173 19981022 1 52.35
00173 19970513 4 113.71
00173 19971116 2 120.87
00173 19971208 3 77.38
00174 19970319 7 72.51
00174 19971017 7 38.14
00174 19981104 1 72.11
00174 19980204 5 38.73
00174 19970622 6 23.83
00175 19970120 6 110.81
00175 19980719 6 135.64
00175 19980724 8 21.36
00176 19970704 9 14.16
00176 19981031 7 104.69
00177 19970927 2 119.11
00177 19980214 5 106.79
00178 19980406 8 146.79
00179 19980123 2 74.35
00179 19970107 8 111.99
00179 19970928 7 18.99
00179 19970727 5 103.63
00179 19970306 9 142.17
00180 19980926 8 27.58
00180 19980818 5 99.56
00180 19971103 6 103.94
00180 19971124 8 51.42
00181 19971030 7 26.25
00181 19971009 5 31.01
00181 19970618 6 40.94
00181 19970426 9 35.93
00181 19970828 4 27.94
00182 19971104 3 31.12
00182 19980318 7 5.21
00182 19970617 2 122.13
00182 19981026 6 25.91
00182 19970902 3 86.65
00183 19980601 2 64.63
00183 19980319 8 124.16
00184 19970722 3 136.77
00184 19970211 9 99.77
00184 19980916 7 40.95
00184 19980324 5 45.44
00185 19981113 2 20.29
00185 19970603 9 79.53
00185 19980917 1 15.82
00185 19970323 3 112.09
00186 19981213 3 136.95
00186 19970930 2 74.49
00186 19970209 2 102.74
00186 19970123 3 101.26
00186 19970325 7 54.66
00187 19970718 5 29.43
00187 19980712 1 31.62
00188 19981102 9 142.49
00188 19980130 9 88.05
00188 19970221 9 148.33
00188 19970429 6 96.40
00188 19970920 4 21.43
00189 19970529 3 49.61
00189 19970617 8 132.28
00190 19980704 7 65.02
00190 19980510 5 30.45
00190 19980626 7 55.49
00190 19970207 7 148.23
00191 19980430 1 46.13
00191 19981004 2 141.97
00191 19980624 3 102.82
00191 19970928 1 8.64
00191 19970115 9 34.88
00192 19970813 3 116.80
00193 19971218 1 148.50
00193 19970709 2 123.91
00193 19981016 9 76.45
00193 19970113 3 13.16
00193 19980814 5 135.35
00194 19970303 6 146.94
00194 19981009 6 148.66
00194 19981030 3 134.75
00194 19981002 5 69.00
00195 19970705 5 98.49
00195 19981113 7 9.46
00196 19980126 5 104.57
00196 19980414 1 24.02
00196 19980728 6 78.86
00196 19980919 4 50.91
00196 19980605 3 113.23
00197 19971004 7 9.64
00198 19970516 7 69.55
00198 19981203 8 32.65
00198 19980129 6 104.67
00198 19970731 4 146.20
00199 19970522 7 112.80
00199 19980720 3 12.85
00199 19980413 3 149.90
00199 19971029 4 129.44
00200 19970406 7 138.12
00201 19980822 7 149.28
00201 19980202 5 87.98
00201 19970723 1 146.13
00201 19971027 4 38.82
00202 19970926 8 149.25
00202 19980504 2 123.24
00202 19980708 2 137.63
00202 19980918 5 74.74
00203 19980414 1 71.59
00203 19970516 5 103.68
00204 19980104 4 75.45
00204 19980627 6 130.56
00204 19980109 4 85.91
00204 19970519 9 23.22
00205 19970610 1 127.08
00205 19970521 1 83.17
00205 19980705 3 103.88
00205 19971224 8 52.84
00205 19980131 4 132.99
00206 19980824 7 138.78
00206 19971229 3 45.76
00206 19971218 4 45.82
00206 19981108 4 79.27
00207 19981214 7 53.03
00207 19970609 1 58.44
00207 19981031 9 81.45
00207 19970515 5 32.56
00207 19980704 5 47.10
00208 19970621 1 50.06
00209 19970326 4 96.50
00209 19981229 4 81.59
00210 19980406 4 75.70
00210 19980607 1 149.17
00210 19980509 3 30.35
00210 19980917 8 86.01
00210 19980220 7 10.42
00211 19970711 9 7.68
00211 19971012 1 34.73
00211 19970930 5 77.73
00211 19980725 4 77.88
00212 19980623 7 22.38
00213 19981214 7 63.35
00213 19980913 6 37.91
00213 19970220 7 134.38
00213 19980601 2 109.90
00213 19980617 7 23.47
00214 19970924 6 129.22
00214 19970507 3 5.31
00214 19980106 7 84.20
00214 19971024 4 27.57
00215 19980307 2 145.99
00215 19970922 6 8.35
00215 19981124 2 48.37
00215 19980130 1 63.69
00216 19980921 1 148.41
00216 19971208 4 57.74
00216 19970716 5 93.80
00216 19970528 1 39.53
00217 19980929 6 144.52
00217 19980422 6 41.10
00218 19980227 5 5.50
00218 19980622 5 101.09
00219 19980908 2 86.11
00220 19980914 1 55.48
00220 19980622 7 120.12
00221 19980401 3 141.86
00221 19980101 6 60.12
00222 19980221 7 87.83
00222 19980909 8 89.42
00223 19980820 1 55.91
00223 19980519 7 108.79
00223 19971011 5 95.46
00224 19970330 2 107.00
00224 19981214 6 13.14
00224 19971031 3 143.41
00224 19980114 5 63.72
00225 19971110 6 125.58
00225 19981115 4 145.87
00226 19981222 1 57.91
00227 19980910 4 36.81
00227 19970622 5 60.28
00227 19980319 4 113.00
00227 19971207 6 138.87
00228 19971125 7 91.36
00228 19980927 1 88.51
00228 19981128 4 10.33
00228 19970306 9 135.37
00228 19970331 7 130.65
00229 19981028 6 29.75
00229 19971217 2 121.15
00229 19981006 9 135.02
00229 19970827 5 118.48
00230 19971218 4 49.51
00230 19971122 4 79.11
00230 19980412 6 140.18
00231 19980408 8 110.18
00231 19970806 6 60.52
00231 19971217 2 137.38
00231 19970427 3 77.73
00232 19970421 1 57.32
00232 19980119 7 52.66
00232 19971204 4 76.63
00232 19980419 4 96.94
00232 19980124 1 13.32
00233 19970908 5 9.52
00233 19971029 5 39.63
00233 19970826 3 99.29
00233 19970320 8 139.38
00233 19981222 9 141.06
00234 19970325 5 7.00
00234 19980829 5 106.74
00235 19970315 1 120.21
00236 19980708 7 89.39
00236 19981113 1 136.31
00237 19971108 1 108.05
00237 19981130 4 140.11
00237 19981218 5 42.41
00237 19971215 3 5.21
00238 19970820 2 21.02
00238 19980705 3 61.79
00238 19970105 9 62.34
00239 19970524 6 110.29
00239 19981213 6 69.05
00240 19971105 1 12.71
00240 19970709 8 66.06
00240 19980116 8 51.65
00240 19970505 2 35.90
00241 19971215 8 53.18
00241 19980905 5 99.13
00241 19981102 8 79.67
00241 19970925 7 32.58
00242 19980622 2 88.77
00243 19970403 6 143.47
00244 19970822 8 43.51
00245 19980529 7 58.86
00245 19970604 7 49.54
00245 19970630 2 103.56
00246 19971202 3 111.22
00246 19970112 1 13.38
00246 19970920 9 137.98
00246 19970131 9 39.86
00246 19980128 8 60.42
00247 19980410 9 135.05
00247 19980119 5 57.08
00247 19970222 7 81.03
00248 19970413 3 91.55
00248 19970226 4 124.62
00248 19970513 5 20.04
00248 19980627 9 73.72
00249 19980710 5 23.68
00249 19981109 9 78.97
00249 19980306 4 45.95
00249 19980413 2 34.02
00249 19980214 2 120.96
00250 19980319 8 135.06
00251 19970211 4 130.61
00251 19981025 3 105.09
00251 19980323 1 54.11
00251 19980716 7 86.74
00252 19970212 3 65.52
00252 19981229 7 41.05
00252 19971229 3 114.01
00253 19970602 4 76.02
00253 19980811 4 49.25
00253 19970519 1 84.82
00254 19970126 3 39.87
00255 19980121 2 9.40
00255 19970721 1 145.59
00255 19970618 3 50.77
00255 19981119 8 81.36
00255 19980617 9 33.30
00256 19981217 8 128.57
00256 19981105 8 43.58
00256 19970204 8 14.15
00256 19980424 6 124.99
00257 19981108 8 85.25
00257 19980928 1 119.83
00257 19970622 8 45.98
00257 19980114 6 24.67
00257 19970929 7 127.57
00258 19980808 5 37.87
00258 19970715 3 74.39
00258 19970302 4 53.83
00258 19971210 2 121.83
00258 19980409 8 73.57
00259 19970707 2 121.16
00259 19980610 4 37.16
00259 19981028 1 78.43
00259 19970328 1 44.24
00260 19970101 2 54.52
00260 19980923 4 24.11
00260 19980817 5 85.26
00261 19971107 3 39.85
00261 19980602 7 144.42
00261 19980513 6 130.85
00262 19971215 7 46.54
00262 19981124 8 63.85
00263 19970829 3 133.15
00263 19981009 2 7.97
00263 19970806 1 16.82
00263 19970913 6 19.08
00264 19970405 8 58.37
00265 19980218 5 34.85
00265 19971206 9 83.38
00265 19970326 7 26.63
00265 19971210 8 67.96
00265 19980426 7 52.89
00266 19981124 1 45.87
00266 19970417 1 125.12
00266 19971213 2 27.21
00266 19970522 9 132.45
00266 19980328 4 79.33
00267 19970330 5 54.86
00267 19970928 6 29.86
00268 19970108 7 103.68
00268 19970526 2 131.83
00268 19970924 6 30.96
00269 19970108 9 82.17
00269 19980907 7 124.65
00269 19971109 2 82.84
00269 19970310 1 30.29
00269 19980911 1 61.46
00270 19980515 9 61.55
00271 19980405 8 144.97
00272 19980824 3 67.75
00272 19980105 8 28.84
00273 19980908 4 144.97
00273 19981218 2 29.61
00274 19970528 4 27.97
00274 19980410 2 128.43
00274 19980524 7 83.46
00275 19980824 4 118.85
00275 19980807 4 31.98
00275 19980327 4 142.16
00275 19970919 8 14.45
00275 19970507 6 113.94
00276 19980520 6 120.33
00276 19980912 4 43.84
00276 19980117 9 25.88
00276 19980511 6 63.26
00276 19970605 2 92.10
00277 19970517 6 53.44
00277 19970606 1 78.17
00277 19980710 3 133.35
00278 19980205 9 54.87
00278 19980208 3 132.52
00278 19970428 3 15.73
00278 19980131 9 130.25
00278 19970204 2 56.39
00279 19980106 1 143.90
00279 19980714 3 111.53
00279 19971208 8 67.94
00279 19980130 5 12.52
00280 19971215 7 76.03
00280 19970909 2 56.04
00281 19981222 3 32.08
00281 19980626 8 74.34
00281 19970926 3 13.89
00281 19970610 9 138.93
00282 19980828 6 121.85
00282 19980315 7 34.99
00282 19971028 1 87.64
00282 19970726 9 143.28
00282 19970809 9 126.87
00283 19970523 1 89.10
00283 19970406 9 38.85
00283 19980912 5 149.01
00283 19980505 7 21.89
00284 19970714 2 114.62
00285 19970203 1 29.83
00285 19970515 7 100.94
00286 19980821 3 99.92
00286 19970425 3 125.88
00287 19970309 6 142.47
00287 19971008 1 106.89
00287 19970126 5 86.21
00287 19980619 6 135.72
00288 19970423 9 86.54
00288 19971112 5 100.29
00289 19971210 5 136.04
00289 19980824 3 10.21
00289 19970910 7 55.80
00289 19980113 2 118.46
00289 19971222 2 18.84
00290 19970918 5 14.51
00290 19970429 7 115.12
00290 19980716 3 13.22
00291 19980109 8 93.71
00292 19970416 3 73.17
00292 19971127 2 97.43
00293 19970323 9 5.68
00293 19980202 5 62.82
00294 19980204 7 46.51
00294 19970610 2 61.37
00294 19971018 7 24.08
00294 19980614 6 44.88
00295 19980730 9 117.34
00295 19980821 2 95.64
00295 19970111 9 35.79
00296 19980628 4 23.59
00296 19980322 2 40.74
00296 19970407 2 93.53
00296 19980617 8 135.28
00296 19980113 4 26.70
00297 19971116 9 73.01
00297 19980809 8 132.13
00298 19970913 4 14.10
00298 19981026 6 141.81
00298 19980109 7 138.39
00298 19970603 8 54.99
00299 19970115 3 101.69
00299 19970707 4 119.11
00299 19971029 6 47.14
00299 19980601 7 58.32
00300 19970907 3 146.13
00300 19970116 7 57.60
00301 19980514 2 62.27
00301 19970306 9 78.52
00301 19980325 4 68.99
00301 19970919 8 25.87
00301 19970115 8 43.78
00302 19980208 8 62.58
00302 19970710 4 92.97
00303 19970924 8 28.21
00303 19970104 2 85.09
00303 19970521 6 7.27
00303 19981019 8 80.89
00303 19981025 8 78.62
00304 19980628 6 31.76
00304 19980710 7 62.67
00304 19970803 1 111.84
00305 19970128 4 18.50
00305 19970218 6 63.11
00305 19970807 9 101.16
00305 19970930 9 9.30
00306 19970811 7 113.42
00307 19970412 8 109.77
00308 19970926 4 149.33
00309 19971015 5 143.39
00309 19970521 7 139.19
00309 19980813 7 39.14
00309 19980929 5 42.66
00310 19970224 7 99.40
00310 19970411 3 76.68
00310 19980810 4 129.07
00310 19971216 1 34.78
00311 19970114 6 56.64
00311 19970609 6 128.81
00311 19971030 4 29.94
00312 19981127 9 98.20
00313 19980709 3 111.00
00313 19981103 4 37.00
00313 19971213 3 119.45
00313 19980712 1 149.24
00313 19971106 3 133.23
00314 19980221 5 67.90
00314 19980227 6 19.56
00314 19980721 7 142.13
00314 19980502 8 38.53
00315 19980416 2 80.53
00316 19970506 9 95.19
00316 19970219 3 129.79
00316 19980908 8 51.73
00316 19970828 1 7.00
00316 19980129 4 144.51
00317 19980109 6 137.15
00318 19980610 2 43.02
00318 19980314 5 32.54
00318 19980221 1 7.55
00318 19980611 5 72.08
00319 19980108 9 131.34
00319 19980222 6 45.27
00319 19970108 7 39.25
00319 19981007 7 16.61
00319 19980421 2 23.15
00320 19980919 6 18.43
00320 19980527 7 43.04
00320 19971229 3 100.09
00320 19971203 1 15.84
00320 19980510 3 29.31
00321 19971025 8 55.24
00321 19970712 4 16.31
00321 19980925 7 5.35